parcel_idx,from_rep,PNU,JIBUN,지목,면적,내접폭,법정동코드,국유_건수,국유_지분면적,국유_지분율,국유_지번일치,점수,커버기여,누적커버율,순위,경도,위도
8361,False,1120010700101330014,133-14 도,도,46.09810931843148,4.853200513856614,1120010700,0,0.0,0.0,False,0.2699242183902607,76.79755188597125,0.09907367520966982,1,127.03695810067347,37.55906142504419
20253,False,1120011500103000004,300-4장,장,3079.3404003921637,45.821635985268166,1120011500,0,0.0,0.0,False,0.2954605263157895,74.52139889080628,0.19521096980521116,2,127.05562222007985,37.54508863776127
10487,False,1120011000107590000,759대,대,813.1990846464945,27.71896607567745,1120011000,0,0.0,0.0,False,0.19904342613136577,60.393712390458624,0.2731226596851527,3,127.02224255191801,37.551316534361895
13584,False,1120011300105610000,561 대,대,65361.060227881724,232.78034435170417,1120011300,0,0.0,0.0,False,0.22773307204599127,56.75606894608373,0.34634156058567866,4,127.01431940654673,37.54374937071421
17129,False,1120011400106562002,656-2002 대,대,203.70302669891873,9.079764084976118,1120011400,0,0.0,0.0,False,0.218650826670282,49.756745871528025,0.4105308942155485,5,127.04611808708972,37.54689473014796
1801,False,1120010300103240000,324대,대,95.56188394041351,9.372956826809848,1120010300,0,0.0,0.0,False,0.13635218606625193,44.193976483362995,0.46754390524013967,6,127.03243407310275,37.566270726519306
21029,False,1120011500103310235,331-235대,대,569.1816916495687,20.48633823992106,1120011500,0,0.0,0.0,False,0.2242502100990405,42.415702957662305,0.5222628315004038,7,127.05573034766276,37.53833108950913
4761,False,1120010600101640001,164-1도,도,1122.8416042076542,7.978148807803504,1120010600,0,0.0,0.0,False,0.1615170783892293,42.09219438674195,0.5765644113440724,8,127.04612558288092,37.559058199511846
7161,False,1120010700103460009,346-9도,도,3796.0613855299334,10.383599889438251,1120010700,0,0.0,0.0,False,0.15592737943851287,40.88095407275641,0.6293034149529305,9,127.02959987437599,37.555009010874656
19627,False,1120011500102790035,279-35대,대,356.3543159693186,11.241980574517669,1120011500,0,0.0,0.0,False,0.1990257823613087,32.588597958112146,0.6713447572919993,10,127.06309062391082,37.54508488366414
3717,False,1120010500108050000,805도,도,16254.224764750561,18.989576790865378,1120010500,0,0.0,0.0,False,0.14751387397710353,32.19541154329833,0.7128788644106542,11,127.04239512456917,37.566898266881346
16146,False,1120011400107100000,710대,대,19564.051691717872,111.1678183455791,1120011400,0,0.0,0.0,False,0.12707886696124948,28.274994786806083,0.7493553871808398,12,127.04554844786202,37.54058795571809
23519,False,1120012200102450004,245-4 잡,잡,20240.196137797386,138.40345214304293,1120012200,0,0.0,0.0,False,0.06258561398538054,21.035413900818163,0.7764923949829249,13,127.06129043037846,37.55769980560669
22699,False,1120012200100470021,47-21대,대,108.77980924240794,9.327059004420674,1120012200,0,0.0,0.0,False,0.10918593404227955,19.02569989731464,0.801036745238542,14,127.05280599210845,37.56310988577846
9311,False,1120010800102520000,252전,전,3416.6391523235325,41.70369589542927,1120010800,0,0.0,0.0,False,0.05777964394911542,18.277014721223317,0.8246152444982768,15,127.03480284277006,37.54861050497211
889,False,1120010200110710000,1071 대,대,26519.09735452377,109.27173478770219,1120010200,0,0.0,0.0,False,0.10814118108363742,16.05662692326272,0.8453293037578763,16,127.02564049751872,37.55987532258065
12613,False,1120011200102350001,235-1 대,대,2671.128454808354,45.724130256283786,1120011200,0,0.0,0.0,False,0.17848024575699276,14.639360504460164,0.8642150001411367,17,127.02416508369178,37.54726166300694
21266,False,1120011800100720238,72-238대,대,170.60899606706255,10.616028954121276,1120011800,0,0.0,0.0,False,0.1663895625249371,13.191841754809033,0.8812333062373244,18,127.06819010341388,37.553191034970766
8036,False,1120010700100670008,67-8 도,도,64.98693849185469,5.635966742907671,1120010700,0,0.0,0.0,False,0.1152049517889448,12.970498298523225,0.8979660653445871,19,127.04091620562957,37.553293735889696
33,False,1120010100108160000,816 대,대,25130.085088396496,118.34835151581474,1120010100,0,0.0,0.0,False,0.1441552443877313,12.072705767745957,0.9135406155843072,20,127.02417131094732,37.566543006133664
